# Binary Descriptors
# location_x location_y location_z summary occupy_array_length
10.083204 -8.822425 -0.615778 15 50 00000000000000001110110101011011101101000000000000
17.099166 -5.593906 -0.874332 11 50 00000000001111111111100000000000000000000000000000
23.581948 -5.072010 -1.040278 23 50 00000000001111111111111111111111100000000000000000
4.619546 -3.672327 -0.641620 11 50 00000000000000000000001100101011010101010100000000
13.225058 -4.134136 -0.827679 13 50 00000000000001011101110110110110000000000000000000
16.073895 -3.153860 -0.922863 22 50 00000000000001111111110111111111101110000000000000
57.005142 -3.094628 -1.874701 10 50 00000000000000000011011101111100000000000000000000
60.168854 -2.861536 -1.955046 17 50 00000000011110110110110100101101101000000000000000
24.103367 -2.373305 -1.132378 21 50 00000000000001111111111111111111110000000000000000
37.450567 -1.303349 -1.473905 17 50 00000000000001111111111111111100000000000000000000
52.511328 -0.656435 -1.842667 19 50 00000000000000111111111111111101110000000000000000
74.557361 -1.858846 -2.318749 10 50 00000000000000101000010011001010010100100000000000
-15.804415 1.800437 -0.329772 10 50 00000000001001001001000000000100101000100000101000
59.027178 0.826993 -2.037883 12 50 00000001111011011111100000000000000000000000000000
4.126338 5.746034 -0.909356 15 50 00000000000000000001010101101010101011101101000000
11.638904 8.886424 -1.176824 22 50 00000000000001101101110110111110111011011010000000
18.524261 9.296802 -1.348810 27 50 00000000000001111111111111111111111111110000000000
25.959588 7.683213 -1.473565 10 50 00000000001111111010110000000000000000000000000000
32.002279 9.876995 -1.678855 24 50 00000000000001111111111111111111111110000000000000
41.116725 8.732385 -1.856488 15 50 00000000001011111111111111000000000000000000000000
4.649107 11.765375 -1.099919 17 50 00000000000001001101010101010101010110001010101000
13.001220 12.385753 -1.312175 22 50 00000000000001111110100110110110010101111111000000
16.546001 12.337665 -1.393030 19 50 00000000000000000001101011111110111101101110000000
36.212712 11.651225 -1.829179 24 50 00000000000111111111111110110111111110000000000000
43.407966 10.935614 -1.974981 14 50 00000000000000010000000111111111110110000000000000
55.590516 11.723331 -2.281108 21 50 00000000000001011101110111111011101101110000000000
63.499422 12.201661 -2.478866 13 50 00000000000000000000000101011111101010110100000000
20.596192 14.281061 -1.544649 17 50 00000000000000000000001111111111111111100000000000
29.550199 13.224680 -1.721172 26 50 00000000000111111111111111111111111000110000000000
40.607239 14.153489 -2.005357 16 50 00000000000000000000000111111111111111100000000000
43.666478 14.314954 -2.081153 17 50 00000000000000000000000111111111111111110000000000
47.733318 14.763462 -2.188847 28 50 00000000000111111111111111111111111111100000000000
55.139499 14.938405 -2.365942 23 50 00000000000111111011011011011101101110110100000000
12.634807 17.281705 -1.448799 14 50 00000000000000000000101101011000000101100101111000
16.039239 15.324136 -1.469794 10 50 00000000000000000000000000000000011011111110100000
44.213882 16.719319 -2.165131 17 50 00000000000000000000000011111111111011111100000000
41.945698 17.942141 -2.148730 17 50 00000000000000000000011111111111011000111100000000
47.529718 17.643155 -2.269482 13 50 00000000000000000000001110111110111101000000000000
54.926978 17.728460 -2.443714 22 50 00000000000010011010110110110110011111101111000000
