# Binary Descriptors
# location_x location_y location_z summary occupy_array_length
20.721460 -24.908912 -1.397870 12 50 01011110100000000000001101011000010000000000000000
24.710520 -24.948694 -1.403130 17 50 00001101111011010100101101100000010010000000000000
22.594444 -22.978250 -1.416416 11 50 00011101111011110000000000000000000000000000000000
23.839606 -14.840018 -1.485278 21 50 00001000000001111111111111110101011100000000000000
-39.798434 -13.868002 -1.404152 10 50 00000000000000001011000100100010010001001000100000
-9.792801 -12.302081 -1.459097 10 50 00000000000000000000101010101100010001101000000000
-0.270677 -9.719661 -1.493733 14 50 00000000000000000010111111011100101110000000000000
22.686610 -11.866379 -1.508187 29 50 00000011111111111111111111111111111000000000000000
-6.168084 -8.795649 -1.493093 15 50 00000000000001111101101101101101100000000000000000
7.313691 -8.959568 -1.510626 16 50 00000000000000000001111111111111111000000000000000
-25.888513 -6.403611 -1.485197 10 50 00000000000000100101010010010010100101000000000000
9.736810 -5.919926 -1.539089 11 50 00000000000011111111111000000000000000000000000000
28.537824 -4.803926 -1.574628 11 50 00000000000110111110100110001000000000000000000000
4.560335 -3.436425 -1.552319 24 50 00000000001110111111111111111111111000000000000000
8.244336 -2.310248 -1.566768 15 50 00000000011111111111111100000000000000000000000000
13.153361 -4.022084 -1.559526 17 50 00000000000000011111111111111111000000000000000000
16.089007 -2.923233 -1.572701 20 50 00000000000011111111111111111111000000000000000000
23.684361 -2.448117 -1.587259 19 50 00000000000000111111111111111111100000000000000000
39.325010 -4.078431 -1.595722 19 50 00000000000110110111011011011101101101000000000000
45.701184 -3.658382 -1.608118 15 50 00000000000011110100001010101100110101010000000000
11.174231 -2.068264 -1.572867 10 50 00000000011111111110000000000000000000000000000000
37.073803 -1.483316 -1.613971 18 50 00000000000000101111011110111101101110000000000000
40.127074 -0.095317 -1.629695 12 50 00000000000010111111011011010000000000000000000000
-15.777238 1.660366 -1.565865 13 50 00000000001010101010110001010001010101000000000000
-11.864591 5.506918 -1.603069 17 50 00000000011010101001011000101101011011010000000000
4.168647 5.578682 -1.626120 25 50 00000000011111111111111111111111101000000000000000
26.638661 7.530889 -1.673695 16 50 00000000111111111111111100000000000000000000000000
38.292086 7.550106 -1.690178 10 50 00000000011011111110100000000000000000000000000000
-24.654397 9.085191 -1.614664 12 50 00000000000010100101010010010100000010010100100000
11.687511 8.965369 -1.664583 23 50 00000000000111111111111111111111110000000000000000
18.553031 9.182769 -1.675993 21 50 00000000000111101111111111111111100000000000000000
29.122108 8.025229 -1.681251 12 50 00000000101110110011111010000000000000000000000000
-17.291189 11.089825 -1.641511 11 50 00000000111011111101010000000000000000000000000000
6.678801 11.761400 -1.680626 27 50 00000000011111111111111111111111111100000000000000
32.870991 11.503510 -1.715188 13 50 00000000000000000000010111101111101110000000000000
36.234567 11.668264 -1.721259 12 50 00000000000000000000101110110111011100000000000000
55.669336 11.653796 -1.748363 14 50 00000000001001010010100101001010010100101010000000
-3.379221 13.128767 -1.677814 17 50 00000000000000000011111011011110110111100000000000
0.298594 13.013261 -1.682013 13 50 00000000000000000100111101111110110000000000000000
4.737390 13.053464 -1.688562 21 50 00000000000111111110011111111111001100000000000000
15.249406 13.041779 -1.703191 12 50 00000000000000000000001011111111111000000000000000
19.799265 13.006554 -1.709274 19 50 00000000000001111111111111011110011000000000000000
34.166585 13.656779 -1.734762 14 50 00000000000000000000111110110111011101000000000000
12.593983 17.577429 -1.736877 32 50 01011111110111110111111111111111111010000000000000
14.775281 17.114689 -1.736117 13 50 00000000000000000001011111100111111000000000000000
23.236891 15.492840 -1.734594 31 50 00000111111111111111111111111111111100000000000000
19.222999 19.071570 -1.758486 12 50 00000000000000001111110000011111100000000000000000
11.797335 23.059350 -1.780972 11 50 01111011011101001000000000000000000000000000000000
10.672577 32.926678 -1.860774 15 50 00000011001100100101010101010101010100000000000000
