# Binary Descriptors
# location_x location_y location_z summary occupy_array_length
-54.244161 -30.933833 -0.188502 11 50 00000000001001000100010001001000010010000100100010
-25.850925 -23.547288 -0.841873 17 50 00000000101010110110010101010101001110100000000000
-49.383215 -20.990360 -0.518056 11 50 00000000000100100100010010010010001001000001000100
-20.741707 -22.990343 -0.940074 13 50 00000000001011110101000001110110010000000000000000
-37.733318 -18.970816 -0.760774 13 50 00000000000100100101001001010100101000101010000000
-1.256328 -16.393719 -1.426776 15 50 00000000111111111111111000000000000000000000000000
-41.846486 -15.027700 -0.791871 13 50 00000000000010010100100100100101001010010010100000
-39.764384 -13.574133 -0.862657 13 50 00000000000001001010100100100101001010010100100000
-10.648396 -12.925503 -1.358933 10 50 00000000001111111111000000000000000000000000000000
-29.365200 -9.473016 -1.136968 13 50 00000000000010101100110101010111010000000000000000
-6.337753 -8.506581 -1.540841 23 50 00000000001111111111111111111111100000000000000000
-25.808822 -6.402019 -1.272630 18 50 00000000000101011010110110101011011011100000000000
23.241432 -6.478313 -2.079360 21 50 00000000000000111111111111111111111000000000000000
4.311375 -3.462879 -1.842916 21 50 00000000001111111111111111111110000000000000000000
13.009062 -4.151168 -1.969041 11 50 00000000000000000000011111110111100000000000000000
34.669329 -4.414755 -2.319521 13 50 00000000000010101010100101100101010101000000000000
15.573003 -2.991289 -2.040404 19 50 00000000000000011111111111111111110000000000000000
23.673758 -2.532491 -2.185462 16 50 00000000000000111011011101101110110100000000000000
37.078785 -1.539297 -2.431370 10 50 00000000000000101010010101000010101010000000000000
-15.902144 1.635206 -1.637553 27 50 00000000000111111111111111111111111111000000000000
-27.247418 2.020493 -1.460179 10 50 00000000000000000000000000010110100101011110000000
24.276719 2.043508 -2.310184 12 50 00000000001101111111111000000000000000000000000000
-11.887830 5.456032 -1.799573 24 50 00000000001111111110111010111111111110000000000000
4.034906 5.502086 -2.063231 24 50 00000000001111111111111111111111110000000000000000
-21.330684 6.982518 -1.682187 15 50 00000000000000010111110100011011011110000000000000
11.522505 8.933729 -2.272749 20 50 00000000000000111111111111111110111000000000000000
18.094515 9.103416 -2.385351 19 50 00000000000000111111111011110111110010000000000000
-24.650350 9.433623 -1.688942 17 50 00000000000000011010001010111110101001101101000000
-25.158266 13.621054 -1.785603 14 50 00000000000000000000001010101101010110110011010000
-17.405210 11.892789 -1.870070 11 50 00000000000011111111011100000000000000000000000000
-3.792440 13.040585 -2.123281 27 50 00000000000111111101111111111111111111100000000000
1.849768 12.153144 -2.194038 19 50 00000000000000000001111111111111111111000000000000
6.272946 12.014732 -2.263487 25 50 00000000000001111111111111111111111111000000000000
12.672087 12.044893 -2.369740 21 50 00000000000000000111111111111111111111000000000000
20.612789 12.593796 -2.514418 13 50 00000000000101101101101111110000000000000000000000
37.083482 13.666487 -2.812861 10 50 00000000000000000001010010000101001010010101000000
-30.925028 16.523041 -1.763324 14 50 00000000000000000001010101010101001011001010101000
-27.213690 14.905676 -1.783940 12 50 00000000000000000000001010101101010101011001000000
-20.820786 14.975246 -1.891079 10 50 00000000001011011111011000000000000000000000000000
55.070226 15.083980 -3.144947 10 50 00000000000000000000110010001010001001000010100010
-22.303969 17.118382 -1.920385 12 50 00000000001011010110101101011000000000000000000000
-9.255145 18.538541 -2.171130 12 50 00000000000011111110111011000000000000000000000000
-6.756607 17.432858 -2.184587 17 50 00000000000000011000000011111010111111011100000000
-2.294124 16.974177 -2.246650 20 50 00000000000000001011000110111111111111111000000000
-13.311981 22.519196 -2.204098 17 50 00000000000010110000000000101101011011011011110000
