# Binary Descriptors
# location_x location_y location_z summary occupy_array_length
18.263489 -17.195013 -1.116267 24 50 00000000010111111111111111111110111000000000000000
17.973077 -13.155191 -1.197485 32 50 00011111111111111111111111111111111000000000000000
4.581976 -9.404508 -1.094762 14 50 00000000000000000000110111011011011011100000000000
10.010819 -8.804445 -1.181110 17 50 00000000000000000011111011111110111110000000000000
3.667262 -6.353057 -1.146670 10 50 00000000000111111111100000000000000000000000000000
23.271653 -5.058483 -1.440095 21 50 00000000000111111111111111111111000000000000000000
8.223451 -2.288675 -1.294200 11 50 00000000111111101010110000000000000000000000000000
16.018073 -3.101185 -1.382886 23 50 00000000000011111111111111111111111000000000000000
23.730641 -2.269263 -1.505124 19 50 00000000000011111111111111111110000000000000000000
38.068640 -4.168912 -1.659722 22 50 00000000000111111111111111111111100000000000000000
37.073307 -1.334894 -1.705952 19 50 00000000000001111111111111111111000000000000000000
40.065548 -0.223820 -1.769994 19 50 00000000110011111111111111111000000000000000000000
43.534023 0.211750 -1.826261 12 50 00000000111111101001111000000000000000000000000000
52.615869 -0.347160 -1.937768 12 50 00000000000000100010101101101010110100000000000000
-15.745564 1.774603 -1.054468 14 50 00000000001000010100101001000010100101010000011001
-11.903476 5.424023 -1.183556 13 50 00000000001010100100000100110010100110010100000000
4.164743 5.734633 -1.408235 23 50 00000000010101011110111101110110011110111000000000
6.638409 5.811608 -1.443438 15 50 00000000111111111111111000000000000000000000000000
26.604212 7.755350 -1.755455 16 50 00000000011111111111111110000000000000000000000000
33.588034 7.875580 -1.852797 10 50 00000000001011111111100000000000000000000000000000
-24.508903 9.259784 -1.093292 13 50 00000000000011010010001001010001001000010001010001
11.689473 8.925034 -1.577640 27 50 00000000000011111111111111111111111111100000000000
18.544905 9.273975 -1.678060 23 50 00000000000001111111111111111111111100000000000000
24.064639 9.252179 -1.752533 10 50 00000000001111111111000000000000000000000000000000
31.961369 9.881661 -1.873003 14 50 00000000000000000000011111111111111000000000000000
-3.489121 12.905257 -1.455490 10 50 00000000000000000000000100000001010110101010101000
2.742732 11.372892 -1.507787 24 50 00000000001011111101101101101101101101101110000000
16.614206 12.356587 -1.716833 25 50 00000000000111111111110111111111111101000000000000
23.647337 12.809916 -1.821866 25 50 00000000001110111111111111111111111100000000000000
26.598476 12.981266 -1.865541 26 50 00000000001111111111111111111111111100000000000000
36.247256 11.626869 -1.967975 15 50 00000000000000000001101110111111111100000000000000
55.600140 11.757102 -2.233442 15 50 00000000000001010101100111011010101010100000000000
12.823497 14.792829 -1.716729 25 50 00000001110111111111111011111100110101000000000000
19.547981 13.266893 -1.775849 22 50 00000000000000111111111111111111111100000000000000
35.188297 13.662409 -1.996509 19 50 00000000000000101111111111110111101100000000000000
40.690303 14.169215 -2.081884 16 50 00000000000000000001101111111111101110000000000000
17.522265 15.761640 -1.800940 14 50 00000000000000000000111111101101110100100000000000
54.956989 16.729195 -2.329524 11 50 00000000000000000000010101010101010111010000000000
69.592175 15.970188 -2.512201 10 50 00000000000000100001001001010001010010010010000000
20.163171 19.214881 -1.909586 26 50 00001111111110010111010001111111010011110000000000
18.099461 36.305861 -2.241853 11 50 00010101011100101010101000000000000000000000000000
17.988386 42.366173 -2.368098 13 50 00000000000000000000010110101001001010100101001010
