# Planes
# center_x center_y center_z normal_x normal_y normal_z
54.964971 16.749597 1.541595 0.996923 0.078333 0.002740
40.777303 14.133632 1.040921 -0.016422 0.983781 0.178622
38.999479 13.912677 0.833013 0.042370 -0.996243 0.075531
32.743526 11.328480 0.560239 0.903989 -0.423474 -0.058944
36.898497 13.784065 0.749292 -0.073488 0.996852 -0.029742
35.078618 13.779295 0.738823 0.067094 0.997462 0.023849
32.842742 13.549251 0.671022 -0.200642 0.979206 -0.029977
28.731457 13.198125 0.503265 -0.094854 0.994713 -0.039365
24.809119 12.935240 0.504943 -0.099474 0.994240 -0.039897
23.687751 13.180296 0.480098 0.976445 0.212572 -0.036983
17.763501 9.438756 0.373284 0.834844 0.512213 0.201676
23.377221 16.663979 0.623588 0.995524 0.063874 -0.069661
17.022402 11.810494 0.650336 0.026756 0.331124 0.943208
11.501966 8.929665 0.289045 -0.150206 0.988398 -0.022538
12.417884 12.150766 0.348935 0.085835 0.994047 -0.067105
11.017535 12.126543 0.346678 -0.050459 0.996726 -0.063168
9.364910 12.047571 0.362192 -0.043477 0.998768 -0.023926
8.708903 11.941222 0.322324 -0.030760 0.996507 -0.077632
7.197991 11.816307 0.335016 -0.087103 0.995482 -0.037795
6.213807 12.314184 0.355362 -0.608437 -0.792980 -0.031419
5.831767 14.091037 0.325011 0.585274 -0.807713 0.071096
4.362506 11.653839 0.340861 -0.118792 0.987774 -0.100949
0.233971 14.277150 0.410367 0.767430 0.641074 -0.008657
-0.538564 15.142092 0.481449 0.756014 0.654315 -0.017733
-1.605031 16.373555 0.665047 0.762434 0.645668 0.042520
-2.464643 17.345618 0.778769 0.752589 0.650942 0.099420
4.105429 5.564491 0.240760 0.811757 0.583994 -0.001561
-7.562573 14.656420 0.840530 -0.337628 0.574729 -0.745448
-13.813221 22.458847 1.019816 -0.647971 0.749680 -0.134583
-14.805919 23.407107 0.454545 0.604637 0.756366 0.249647
-8.627632 16.272396 0.785215 -0.181801 0.937422 0.296964
-11.835893 5.561089 0.541514 -0.554090 0.832456 -0.001280
-12.249716 5.305561 0.808781 -0.569385 0.803712 0.172764
-19.383718 4.843750 1.080716 -0.169751 0.300610 0.938519
-15.776787 1.817888 0.519726 -0.365884 0.930397 -0.022149
-44.546670 0.958702 2.020719 0.033510 0.003404 0.999433
-51.170184 -23.269738 2.108746 -0.076913 -0.081190 0.993727
-37.725871 -18.732430 1.300260 0.962114 0.271149 0.028560
4.535466 -3.362475 0.232432 0.745753 -0.665952 0.018976
-7.106641 -17.050164 0.564229 0.775101 0.631804 0.006416
-0.224251 -9.658213 0.395705 -0.085731 0.996317 -0.001550
1.195128 -10.035173 0.486702 -0.035317 0.999319 -0.010651
0.229754 -13.387428 0.529876 0.919752 0.095727 0.380647
5.008105 -9.315468 0.328632 -0.062310 0.995767 0.067570
4.125580 -11.685041 0.702867 0.992970 0.063085 0.100153
4.455534 -12.213265 0.736091 -0.018567 0.111530 0.993588
10.986838 -8.893534 0.339390 -0.042062 0.999105 0.004450
12.959044 -8.760300 0.351461 -0.093438 0.995234 0.027918
13.010101 -4.051873 0.264704 -0.185124 0.981272 -0.053243
23.291110 -7.267401 0.466761 0.998072 0.061803 -0.005797
15.511588 -2.936539 0.313732 0.936189 -0.349866 0.033819
24.982405 -4.953519 0.387991 -0.027003 -0.987441 -0.155665
28.892128 -4.718174 0.450661 0.036609 0.981774 0.186493
30.715450 -4.617464 0.664842 -0.101022 0.992885 0.063041
33.099892 -4.561317 0.497338 -0.021775 0.980535 0.195131
23.698108 -2.489098 0.461592 -0.626545 0.768126 0.131998
37.254298 -4.221352 0.693857 0.066504 -0.997693 0.013649
39.068937 -4.103269 0.718215 -0.022109 0.998137 -0.056871
41.134193 -3.958923 0.581066 -0.058720 0.997801 -0.030739
42.601289 -3.833311 0.765352 -0.142893 0.989633 0.014442
45.313007 -3.744126 0.832422 0.117188 -0.992408 -0.037340
46.834022 -3.573531 0.890609 -0.045448 0.998804 -0.018022
49.139050 -3.496155 1.021076 0.147450 -0.988911 -0.017726
50.629317 -3.304854 0.822710 -0.080692 0.995483 -0.050023
53.129707 -3.180971 1.083347 0.179343 -0.983239 -0.032805
62.891734 15.655049 0.894267 0.014407 -0.999395 -0.031662
59.188803 15.398573 0.931929 -0.012102 -0.999911 0.005588
-13.120887 20.403726 0.740995 -0.016800 0.397603 0.917404
-43.891590 1.205836 1.172104 0.997641 0.042103 -0.054217
-41.196599 -1.824843 1.056275 -0.204872 -0.978154 0.035244
-5.792367 -9.091407 0.443939 0.822346 0.516294 -0.239140
40.289061 -4.033755 0.464315 -0.067837 0.997383 -0.024988
31.580786 10.208905 0.321003 0.728831 -0.289459 -0.620499
50.341409 14.860658 0.373798 0.350175 0.847491 0.398919
47.706863 14.873282 0.475110 0.996035 0.088786 -0.005513
15.428624 11.645141 0.308781 0.362596 -0.367935 0.856241
10.311355 11.982320 0.255425 0.029370 0.999492 0.012392
-51.793285 -26.540518 1.058430 0.892645 -0.258506 -0.369269
-52.558669 -28.806371 1.191869 -0.907785 0.347133 0.235427
-25.812141 15.628553 0.329696 0.874431 0.069785 0.480104
-0.510009 11.902738 0.110771 0.096748 0.955308 -0.279331
-32.899390 26.873087 0.181999 -0.151498 -0.063013 0.986447
-29.613678 -9.224236 0.324906 -0.526846 -0.421127 0.738299
40.136578 -0.727518 0.324248 0.962756 -0.175908 -0.205325
55.324450 10.680527 -1.115152 -0.217447 -0.587797 0.779238
55.011736 15.590368 -0.451935 0.998704 0.043017 -0.027218
50.374385 14.900460 -0.446916 0.576176 0.817033 -0.021889
47.681710 14.915418 -0.376811 0.996212 0.073673 0.046193
38.678947 13.896702 -0.299359 -0.007681 -0.997725 -0.066980
36.825798 13.775681 -0.260059 -0.153002 0.988213 0.004980
34.976787 13.624265 -0.351086 -0.081976 0.995273 0.052079
32.949302 13.469170 -0.453216 0.077340 -0.996712 0.024165
-27.537896 29.752417 -0.566898 -0.227442 0.965802 0.124483
-27.341171 14.752219 -0.376928 0.822122 -0.567924 0.039722
-30.951270 11.458640 -0.305287 -0.670363 0.609308 -0.423507
-24.140753 4.723515 -0.336921 0.856461 0.033993 0.515091
-72.435655 2.422551 -0.938088 0.782201 0.619899 -0.062345
-46.440789 -0.978292 -1.652668 0.807551 0.588004 0.045955
-41.550264 -2.522694 -0.260605 0.945355 0.325764 -0.013492
-30.088441 -8.780787 -0.920697 -0.788343 -0.608539 0.090528
-39.812195 -13.682861 -0.666980 0.960821 0.272313 0.051660
45.136699 -3.710578 -0.616707 -0.088562 0.995833 0.021750
48.914717 -3.449197 -0.577763 -0.064403 0.997924 0.000485
50.908519 -3.307580 -0.531646 0.056706 -0.998389 0.001801
53.001855 -3.149750 -0.598008 0.099529 -0.994787 0.022190
57.609059 10.742787 -0.932610 0.985906 0.038797 -0.162742
38.286464 8.543199 -0.681626 0.975428 0.162304 -0.148992
31.372182 10.228474 -0.219558 0.823325 -0.287434 0.489406
30.910809 13.315228 -0.700940 0.066902 -0.994649 0.078728
28.886539 13.161927 -0.819646 0.061242 -0.995387 0.073848
15.582854 15.082834 -1.182413 0.997135 -0.074191 -0.014779
0.224264 14.251094 -0.436178 0.737190 0.672728 -0.063150
-4.419410 13.471606 -0.840777 0.514863 0.829769 -0.215406
-49.328364 -21.114602 -1.502698 0.804892 0.592988 -0.022662
-11.020997 -13.236189 -0.741013 -0.597208 0.800682 0.047447
-12.556108 -15.099714 -0.317493 0.361879 0.245542 0.899307
-9.589628 -14.078904 -0.319337 0.090191 0.975907 0.198672
32.896948 -4.518628 -0.685755 -0.049012 0.998217 0.034072
37.190326 -4.231824 -0.705404 -0.105054 0.993958 0.031811
39.075399 -4.134455 -0.637622 -0.039137 0.999233 -0.001300
40.573640 -4.025669 -0.763530 -0.028690 0.999494 -0.013710
41.412824 -3.938102 -0.696090 -0.073567 0.997111 0.018890
40.096737 -0.709494 -0.657401 0.977560 -0.049770 0.204696
39.947750 -0.618795 -0.907832 0.993888 0.037995 -0.103653
11.007253 12.100991 -0.845950 0.064287 -0.997746 -0.019256
6.198913 12.332723 -0.920554 -0.731546 -0.680196 -0.046625
4.422732 11.655727 -0.491720 -0.121010 0.990000 -0.072507
2.256142 12.062450 -0.736132 -0.034819 0.999363 -0.007814
-25.836790 28.133428 -1.283585 0.741943 -0.665117 0.084492
-26.767224 26.968115 -1.204998 -0.779145 0.626719 0.012480
-22.673342 16.951653 -0.965151 -0.610043 0.766404 -0.201177
-8.585162 -11.795573 -0.751574 0.590413 -0.807099 0.001808
-7.072104 -17.147449 -0.387980 0.775926 0.630380 -0.023650
33.593776 8.434701 -0.545830 0.248036 0.204194 -0.946986
26.696401 8.603739 -0.308728 0.024652 0.014649 0.999589
5.848790 14.071907 -0.892546 0.536271 -0.843626 0.026624
-0.229786 -9.696784 -0.405234 -0.091289 0.995705 -0.015417
1.019456 -9.608216 -0.389805 -0.073379 0.997257 -0.009745
14.959689 -8.646936 -0.336854 -0.064446 0.996630 -0.050744
16.781656 -8.516569 -0.317181 -0.106933 0.990760 0.083432
55.215102 9.069015 -1.465112 -0.412637 -0.170077 0.894877
-18.133719 10.404177 -1.295602 0.974511 -0.202245 0.097085
-50.979997 -18.981124 -1.683463 -0.037978 -0.010095 0.999228
-47.551946 -25.026798 -1.622110 -0.032680 -0.010139 0.999414
-46.597501 -26.927903 -1.611595 -0.028478 -0.009581 0.999548
3.043644 -9.458677 -0.373331 -0.072012 0.997388 -0.005619
5.039797 -9.311009 -0.358664 -0.072829 0.997277 0.011561
11.085455 -8.901080 -0.279582 -0.067316 0.997730 0.001851
12.959704 -8.774774 -0.315935 -0.063781 0.997902 -0.011074
53.595960 2.774868 -1.507063 0.034036 0.004192 0.999412
-24.628089 23.140211 -1.579424 -0.564027 0.472623 -0.677127
-46.601935 -4.757145 -1.869525 -0.039112 0.000664 0.999235
-37.141635 -13.011645 -1.524563 -0.037516 -0.006028 0.999278
-36.514147 -14.968482 -1.514964 -0.038979 -0.007702 0.999210
-38.993980 -21.131699 -1.667297 -0.033387 -0.006675 0.999420
40.532649 0.317541 -1.488654 0.583635 0.765483 -0.270935
49.150195 5.224563 -1.605825 0.048835 0.006143 0.998788
50.587814 7.183698 -1.689226 0.043528 0.011454 0.998987
45.460571 6.857267 -1.666945 0.148793 -0.006620 0.988846
43.156094 7.628889 -1.497281 -0.234265 -0.377418 0.895922
-9.050015 18.435666 -1.220553 0.600922 0.741865 -0.297538
-17.582118 12.143122 -1.524092 -0.654879 -0.750621 -0.087759
-40.759249 0.916887 -1.862911 -0.045098 0.004322 0.998973
-21.012058 -2.778321 -1.570836 0.376081 -0.212905 0.901795
-31.657617 -10.982218 -1.547465 -0.044065 -0.008010 0.998997
-32.927877 -13.027128 -1.620274 -0.043050 -0.009599 0.999027
-32.999578 -14.912422 -1.642647 -0.043213 -0.011134 0.999004
-33.428938 -19.385612 -1.718455 -0.040772 -0.014045 0.999070
-3.242328 -12.741866 -0.798837 -0.074114 0.936648 0.342342
36.699382 -2.660086 -1.260859 -0.574435 0.791790 -0.207588
48.570867 1.018474 -1.549148 0.043604 0.005030 0.999036
44.567585 5.229724 -1.619707 0.047053 0.012622 0.998813
-25.063582 27.206882 -2.596734 0.297522 -0.142591 0.944006
-26.396211 27.325366 -2.274931 -0.789072 0.614290 -0.003790
-36.517198 5.027710 -1.955226 -0.049006 0.009699 0.998751
-30.650350 -0.656833 -1.625951 -0.050117 0.002718 0.998740
-28.409224 -2.835376 -1.581593 -0.052686 -0.000822 0.998611
-29.392152 -10.996460 -1.672121 -0.050106 -0.010198 0.998692
-30.500315 -14.961896 -1.773781 -0.045083 -0.012788 0.998901
-29.328966 -16.399552 -1.740011 -0.046968 -0.016340 0.998763
-26.956413 -16.825501 -1.637128 -0.046504 -0.019942 0.998719
-25.446308 -17.484241 -1.580255 -0.046156 -0.020223 0.998730
-5.554974 -13.309528 -0.922132 0.743728 0.656767 -0.124604
38.860018 -3.315313 -1.290880 0.050938 -0.002802 0.998698
35.117352 -2.775098 -1.320769 -0.080751 0.005349 0.996720
35.451199 -1.234662 -1.360453 -0.127010 0.109908 0.985793
39.597115 1.364755 -1.543232 0.057902 0.007263 0.998296
39.337977 2.613670 -1.538032 0.058437 0.008931 0.998251
40.785447 5.311048 -1.647961 0.052539 0.014442 0.998514
41.314327 7.007445 -1.701487 0.054407 0.015682 0.998396
32.655946 6.583731 -1.518257 0.060770 -0.450184 0.890866
-23.604358 23.256918 -2.446373 0.711972 -0.160303 0.683666
-31.145889 4.841856 -1.931678 -0.055872 0.010933 0.998378
-29.114618 1.455489 -1.788683 -0.055869 0.006705 0.998416
-26.803847 -0.603173 -1.649286 -0.056275 0.002255 0.998413
-18.997021 -1.048557 -1.651504 0.149054 -0.070467 0.986315
-26.320166 -8.905734 -1.726449 -0.053621 -0.009751 0.998514
-24.921816 -9.084339 -1.821967 0.060026 -0.081630 0.994853
-27.313197 -11.112235 -1.806561 -0.054069 -0.013416 0.998447
-27.132569 -12.984631 -1.823620 -0.054824 -0.015997 0.998368
-22.851595 -14.954507 -1.632939 -0.053329 -0.022306 0.998328
-22.240536 -16.583089 -1.637204 -0.051532 -0.023093 0.998404
36.913453 1.001227 -1.546838 0.071607 0.009702 0.997386
37.482027 4.800546 -1.619627 0.060810 0.013603 0.998057
37.957917 7.442363 -1.691156 0.058360 0.018387 0.998126
-23.006244 30.932044 -2.650420 -0.176157 0.067084 -0.982074
-23.244110 24.885453 -2.667640 -0.649121 -0.003830 -0.760675
-23.710319 20.783969 -2.441997 -0.661512 0.032782 0.749218
-28.830531 9.209503 -2.063647 -0.060066 0.018739 0.998018
-24.564031 1.453762 -1.701399 -0.061353 0.006843 0.998093
-23.604841 0.482618 -1.636968 -0.060485 0.005537 0.998154
-22.989602 -0.537994 -1.594981 -0.062510 0.002528 0.998041
-23.313302 -7.079339 -1.809655 0.089408 -0.036973 0.995309
-24.648375 -10.965769 -1.842616 -0.059497 -0.015829 0.998103
-20.910076 -13.023239 -1.662456 -0.059415 -0.023941 0.997946
-19.933674 -15.229528 -1.659218 -0.053768 -0.025472 0.998229
33.212621 -2.902926 -1.401223 -0.003720 0.128670 0.991681
32.811410 1.154825 -1.559946 -0.004769 -0.019882 0.999791
32.966498 2.919196 -1.565241 -0.009906 0.032999 0.999406
34.704433 4.998507 -1.646461 0.066724 0.016720 0.997631
-23.264858 28.983369 -2.761587 0.068689 -0.033491 0.997076
-25.335167 25.053241 -2.649847 -0.055627 0.045613 0.997409
-21.388023 16.914684 -2.371679 -0.617038 -0.051984 -0.785214
-21.213877 3.548408 -1.758252 0.003585 0.040649 0.999167
-20.809723 0.885105 -1.661409 -0.068190 0.006131 0.997654
-19.256150 -3.112600 -1.805239 0.083503 -0.045330 0.995476
-20.944890 -5.084547 -1.810518 -0.108673 0.059821 -0.992276
-20.811674 -6.892357 -1.893175 0.084380 0.022095 0.996189
-22.260051 -8.908677 -1.889190 -0.068105 -0.015868 0.997552
-20.717096 -9.201329 -1.849837 -0.044658 0.070050 0.996543
-18.792557 -10.631688 -1.692735 -0.066866 -0.024814 0.997453
-16.807435 -11.149081 -1.676999 0.021044 -0.009754 0.999731
-17.027264 -12.922839 -1.701629 -0.034172 0.024375 -0.999119
24.637700 -2.804001 -1.130975 0.040242 -0.203652 0.978216
31.532424 -2.765474 -1.446647 -0.024860 0.131774 0.990968
32.973332 -1.052325 -1.540944 -0.011090 0.047089 0.998829
34.143523 0.596850 -1.559355 0.071074 0.006432 0.997450
30.579782 2.918328 -1.579257 -0.011836 0.035940 0.999284
32.970205 4.987581 -1.656897 0.061537 0.022130 0.997859
-20.936707 28.787387 -2.806505 -0.053176 0.058080 0.996895
-22.785294 26.987506 -2.805729 -0.059223 0.054626 0.996749
-18.440169 7.039051 -1.881688 -0.186884 -0.033380 0.981815
-19.703611 2.923619 -1.735883 -0.073142 0.011137 0.997259
-19.045164 0.932070 -1.669644 -0.072062 0.007045 0.997375
-19.089959 -4.890182 -1.906252 0.161081 0.021913 0.986698
-18.803690 -8.644058 -1.793131 -0.071675 -0.021290 0.997201
-17.243837 -9.488686 -1.700723 -0.071394 -0.023962 0.997160
24.641633 -1.014962 -1.436561 0.020988 0.281425 0.959354
30.607970 -1.110099 -1.554023 -0.001167 0.037678 0.999289
30.355271 1.004040 -1.565237 0.091927 0.010619 0.995709
30.914849 5.002728 -1.666247 0.064004 0.024644 0.997645
24.648455 11.089767 -1.741376 0.022497 0.049889 0.998501
-2.398331 11.649803 -1.540271 0.481065 0.873143 -0.078729
-18.233180 26.579492 -2.782711 -0.065271 0.065280 0.995730
-18.808051 24.993151 -2.719127 -0.064593 0.061709 0.996002
-19.506116 22.972101 -2.643772 -0.066439 0.057913 0.996108
-20.782925 20.975855 -2.615804 -0.064082 0.051921 0.996593
-21.289466 18.886754 -2.544052 -0.060170 0.047921 0.997037
-19.025609 9.171309 -2.096495 0.057544 0.059117 0.996591
-17.836687 5.180419 -1.801575 -0.079708 0.020039 0.996617
-14.865115 4.864335 -1.687808 0.049432 0.006931 0.998753
-16.887591 -1.068135 -1.813459 0.031625 -0.028959 0.999080
-17.358912 -2.852669 -1.883881 -0.120942 0.065369 -0.990505
-18.601144 -6.542981 -1.923912 -0.076068 -0.014401 0.996999
-16.832209 -7.326926 -1.798786 -0.078249 -0.020235 0.996728
-14.912066 -6.811744 -1.756625 -0.030042 0.046250 0.998478
-15.089541 -8.941641 -1.701155 -0.081252 -0.027467 0.996315
-14.712272 -10.964947 -1.729967 -0.087159 -0.031650 0.995691
9.652130 -6.827972 -0.454548 0.464126 0.050760 -0.884313
10.791834 -6.229517 -0.402628 0.027936 0.028905 0.999192
12.766233 -6.076078 -0.540757 0.004622 0.999985 0.002925
28.830860 -0.949728 -1.554116 0.013913 0.021059 0.999681
28.614475 1.017200 -1.547594 0.098111 0.009381 0.995131
28.746764 2.985308 -1.582325 0.087843 0.014998 0.996021
28.926841 5.162392 -1.671148 -0.010940 0.047164 0.998827
-15.122240 23.288718 -2.591402 -0.058830 0.064600 0.996176
-17.057616 22.861231 -2.681808 -0.067965 0.063534 0.995663
-17.446326 20.972136 -2.591211 -0.057553 0.057294 0.996697
-17.812774 19.468162 -2.528160 -0.070524 0.058207 0.995810
-18.190543 18.492234 -2.499924 -0.065635 0.052333 0.996470
-18.859066 17.135041 -2.475749 -0.070494 0.050195 0.996248
-18.869367 15.007874 -2.372588 -0.064631 0.046839 0.996809
-18.646725 12.956272 -2.264249 -0.076545 0.042121 0.996176
-17.302845 10.988058 -2.209815 0.501038 -0.030613 -0.864884
-18.630729 10.681840 -2.172993 -0.079936 0.036654 0.996126
-15.071075 6.958382 -1.779878 -0.011269 0.052838 0.998540
-12.892647 6.955492 -1.791277 0.043018 0.080120 0.995857
-15.120448 -1.001088 -1.891534 -0.005360 -0.051080 0.998680
-16.910723 -4.950962 -1.914383 -0.082775 -0.011867 0.996498
-15.112085 -4.912604 -1.877855 -0.035996 0.071175 0.996814
-13.010906 -7.115360 -1.723648 0.010710 0.014464 0.999838
-12.962065 -8.986712 -1.738488 0.031160 -0.021238 0.999289
-12.961036 -10.674411 -1.751818 0.030106 -0.042266 -0.998653
-11.038993 -10.466578 -1.667068 -0.039082 0.053879 0.997782
23.068987 -1.287103 -1.477645 -0.135234 0.126321 0.982728
26.738958 0.992542 -1.561268 0.001649 -0.002602 0.999995
26.834210 2.997048 -1.598356 0.000394 0.034633 0.999400
27.017168 4.870346 -1.670364 0.001493 0.042636 0.999090
-13.206833 21.239060 -2.516812 -0.063063 0.067632 0.995715
-15.166098 20.650439 -2.605334 -0.067225 0.065180 0.995607
-15.882338 18.967703 -2.546934 -0.067082 0.061446 0.995854
-14.185846 16.746081 -2.449969 0.012659 0.052728 0.998529
-16.274860 16.899426 -2.451793 -0.089064 0.062448 0.994066
-17.143592 15.119469 -2.420498 -0.075645 0.051042 0.995828
-17.357202 13.023783 -2.333490 -0.076448 0.046057 0.996009
-13.010138 3.063878 -1.852525 0.103040 -0.008514 0.994641
-15.188745 -2.898081 -1.944000 -0.012887 -0.006480 0.999896
-12.942563 -4.933610 -1.794371 -0.031722 0.044401 0.998510
-10.813646 -8.745715 -1.763939 -0.016690 0.038207 0.999130
11.123461 -5.825985 -0.531142 -0.048170 0.978993 -0.198122
26.997174 -0.676564 -1.574227 -0.004826 -0.018768 -0.999812
24.601971 0.929133 -1.568412 -0.003420 -0.002687 0.999991
-11.212252 19.114383 -2.408633 -0.069191 0.079808 0.994406
-13.201223 18.667123 -2.516567 -0.071878 0.068906 0.995030
-12.806718 17.016884 -2.492351 0.023930 0.061688 0.997809
-14.460055 14.939134 -2.370886 -0.092308 0.063144 0.993726
-15.413959 13.105495 -2.347060 -0.082407 0.051556 0.995264
-14.965631 11.053850 -2.278488 0.004218 0.055273 0.998462
-13.012710 8.485816 -1.958787 0.065114 0.086762 0.994099
-12.750932 9.058301 -2.142460 0.238170 0.262592 0.935051
-13.126770 1.065714 -1.871844 0.077990 -0.035522 0.996321
-13.065959 -0.898649 -1.920415 0.036958 -0.007684 0.999287
-12.982974 -2.966515 -1.897485 -0.039256 0.056693 0.997620
-11.073465 -5.139048 -1.748422 0.000067 0.018471 0.999829
-10.791100 -7.003600 -1.750486 0.020579 -0.010565 0.999732
-9.045296 -8.876643 -1.665249 -0.042780 0.054176 0.997615
24.603972 2.993658 -1.608431 -0.009058 0.038109 0.999233
24.800500 5.018006 -1.686764 -0.009664 0.039513 0.999172
18.474719 11.245278 -1.665818 -0.077217 0.266505 0.960735
-9.018310 16.773631 -2.315497 -0.058382 -0.021932 0.998053
-10.796087 17.133451 -2.401048 -0.006818 -0.073975 0.997237
-12.639284 14.991614 -2.381424 -0.112621 0.071243 0.991081
-13.244319 12.997846 -2.307513 -0.100508 0.065735 0.992762
-12.626271 10.880506 -2.259871 -0.026487 0.010208 0.999597
-11.586022 6.701743 -1.900169 0.248361 0.141679 0.958250
-10.890263 -3.101987 -1.815057 -0.027691 0.044868 0.998609
9.700171 -5.894581 -0.473032 -0.117195 0.597710 0.793100
22.860799 1.016037 -1.568430 -0.007056 0.005097 0.999962
22.851721 7.025787 -1.737643 -0.000341 0.030210 0.999544
18.409508 6.774128 -1.352376 -0.021517 -0.051646 0.998434
21.358985 11.208413 -1.812050 0.011008 0.002430 0.999936
4.032681 8.249697 -1.154313 0.999071 0.040973 -0.013332
-9.215120 14.884631 -2.345724 -0.059299 -0.013911 0.998143
-11.032184 15.083588 -2.410653 -0.082703 0.072992 0.993898
-10.851751 12.959849 -2.307307 0.004867 0.050473 0.998714
-10.780035 11.083856 -2.222320 -0.010219 0.038605 0.999202
-11.018729 8.823673 -2.168990 -0.028749 0.019959 0.999387
-11.101302 7.020302 -2.098724 0.063181 0.043430 0.997057
-10.990968 -0.889014 -1.907970 0.036235 -0.017715 -0.999186
-8.811915 -3.037563 -1.772654 -0.005522 0.023605 0.999706
-8.892984 -4.895577 -1.765393 0.015265 -0.008352 0.999849
-8.903903 -6.895057 -1.779385 -0.027056 0.015405 0.999515
-6.944563 -6.920145 -1.709679 -0.051191 0.075986 0.995794
22.832494 2.977340 -1.612954 -0.013865 0.036992 0.999219
22.898619 5.031190 -1.690112 -0.004890 0.033188 0.999437
17.282979 6.979956 -1.603196 0.219922 0.011758 -0.975447
-6.957393 14.725449 -2.231295 -0.051660 -0.008848 0.998626
-8.765444 12.900278 -2.327575 -0.011137 0.037432 0.999237
-10.901037 4.981108 -2.052784 0.033683 0.006737 0.999410
-11.528593 2.891824 -1.974918 0.066416 0.025355 0.997470
-11.236973 1.017345 -1.964122 0.000951 0.026510 0.999648
-8.849414 -0.996275 -1.834792 -0.026990 0.024351 0.999339
-4.980953 -6.995559 -1.613036 0.043139 -0.060883 -0.997212
21.096574 -6.911000 -1.536445 -0.006791 -0.087276 0.996161
21.059844 -4.747082 -1.458321 -0.014938 0.012913 0.999805
20.946478 -3.043813 -1.532062 -0.006239 0.046422 0.998902
21.349645 6.697243 -1.734235 -0.011955 0.029457 0.999495
16.817657 10.976539 -1.762877 -0.044111 0.039083 0.998262
15.576717 16.414874 -2.216853 0.819651 -0.190348 -0.540314
-6.953193 13.050042 -2.242230 -0.056353 -0.021533 0.998179
-9.011520 10.973218 -2.223789 0.010996 0.052429 0.998564
-8.973079 8.989091 -2.137883 0.001695 0.032530 0.999469
-10.769903 3.038945 -2.030387 0.047916 0.023756 0.998569
-7.051880 -4.994268 -1.821145 0.027182 -0.007121 0.999605
20.877355 0.992408 -1.579944 -0.008316 0.006179 0.999946
20.874568 2.998092 -1.627604 -0.011266 0.035180 0.999317
20.888816 4.964922 -1.700845 -0.011732 0.029821 0.999486
15.534713 15.151268 -2.133237 -0.730815 0.031592 0.681845
11.938885 14.932792 -1.847485 0.927204 0.064115 0.369029
-5.111613 12.941432 -2.157549 -0.050993 -0.020316 0.998492
-9.065744 7.029838 -2.084602 -0.015346 0.023459 0.999607
-10.563490 1.746837 -2.019386 -0.118716 0.016864 0.992785
-9.078150 0.829543 -1.894443 -0.026834 0.044332 0.998656
-6.820595 -0.965004 -1.788611 -0.011548 0.012532 0.999855
-6.999658 -2.999606 -1.792814 0.014878 -0.014896 0.999778
6.708845 -4.765657 -1.504250 -0.005510 0.119506 0.992818
19.342173 -6.377891 -1.484468 -0.005471 -0.094441 0.995515
19.007001 -5.390962 -1.446660 0.002039 0.009444 0.999953
20.976891 -0.973935 -1.582820 -0.008664 0.008794 0.999924
18.924699 5.248999 -1.664577 0.044527 -0.075245 0.996170
11.258814 18.126425 -2.415725 -0.017871 -0.992278 0.122740
10.616419 17.168268 -2.245406 0.190564 -0.050483 0.980376
-3.629047 12.270171 -2.074941 -0.082285 -0.067931 0.994291
-7.017160 10.904527 -2.255783 -0.005939 0.024314 0.999687
-7.019298 9.095557 -2.160620 0.013959 0.060420 0.998075
-8.930615 5.044075 -2.027914 -0.084701 0.037238 0.995710
-9.100689 2.968462 -1.976007 -0.115152 0.027281 0.992973
-4.932543 -5.005875 -1.738647 -0.072101 0.071233 0.994850
16.971972 -2.258539 -1.444862 -0.164921 -0.405932 -0.898900
17.057594 5.094372 -1.718750 0.059146 0.027368 -0.997874
15.115047 11.138757 -1.821536 -0.011729 0.002669 0.999928
-4.956814 11.073129 -2.170252 0.035280 0.008136 -0.999344
-6.881542 6.941614 -2.056255 0.000217 0.036552 0.999332
-7.240925 5.695818 -2.012257 -0.006159 0.034293 0.999393
-7.141565 4.721213 -1.972647 -0.012653 0.036756 0.999244
-7.143489 2.975130 -1.895328 -0.024789 0.042916 0.998771
-7.004377 0.993044 -1.827948 -0.022231 0.026820 0.999393
19.266442 -2.905161 -1.540621 0.006329 0.037310 0.999284
-3.126714 11.193644 -2.064492 -0.066352 -0.023991 0.997508
-5.013540 -1.056603 -1.771672 -0.016662 -0.010364 0.999807
-5.057774 -2.978468 -1.802756 -0.007043 -0.023844 0.999691
-2.965348 -5.026536 -1.635545 -0.040459 0.047863 0.998034
18.919957 -0.988619 -1.593067 0.000737 0.012348 0.999923
18.767929 0.984437 -1.596094 -0.001007 0.007071 0.999974
18.803556 2.890111 -1.644564 -0.001123 0.037331 0.999302
-5.252106 8.936229 -2.170503 -0.017793 0.046923 0.998740
-4.720079 7.001670 -2.069728 0.014665 0.060677 0.998050
14.928881 8.933316 -1.816568 -0.010069 0.021178 0.999725
10.895351 6.835726 -1.582335 0.380866 0.032876 -0.924045
13.326510 8.727622 -1.729655 -0.200874 -0.013154 -0.979529
7.173957 8.934740 -1.873157 -0.028048 0.020276 -0.999401
-2.944995 8.942332 -2.060251 -0.065155 -0.015731 0.997751
-4.759389 4.919856 -1.933799 -0.006631 0.062613 0.998016
-4.786249 2.985569 -1.836421 0.006024 -0.041265 -0.999130
-4.754952 0.993151 -1.772223 -0.009259 0.024397 0.999659
-2.853472 -2.955898 -1.767479 -0.028531 0.036189 0.998938
-0.886122 -4.946586 -1.585671 -0.010335 0.054821 0.998443
16.944230 2.986017 -1.667193 -0.008557 0.039353 0.999189
14.954269 6.947237 -1.780615 -0.013441 0.015308 0.999792
-0.884060 8.887076 -1.972062 -0.025397 -0.005507 0.999662
-2.934717 6.987723 -2.064834 -0.031922 0.029472 0.999056
-2.969565 -0.948307 -1.754058 -0.006960 -0.018351 0.999807
16.969713 -1.028358 -1.597833 -0.003399 0.013593 0.999902
16.899620 0.998636 -1.607906 -0.003258 0.013059 0.999909
13.271383 6.672454 -1.701641 -0.216922 -0.014756 -0.976077
1.013997 8.969989 -1.923848 -0.031016 -0.002384 0.999516
-2.818116 5.901831 -2.008085 0.012437 0.079585 0.996750
-3.079450 4.888333 -1.924892 0.005662 0.070939 0.997465
-2.973660 2.972673 -1.826080 -0.008293 0.040101 0.999161
-2.982209 0.995195 -1.754396 -0.016552 0.028033 0.999470
-0.902920 -2.959926 -1.721785 -0.011195 0.090420 0.995841
1.099306 -4.914706 -1.563939 -0.010223 0.059618 0.998169
14.975988 -1.079147 -1.609307 -0.007755 0.040228 0.999160
-0.649499 6.898117 -1.969794 -0.017439 0.002898 0.999844
-1.695289 7.033939 -2.007395 -0.016897 -0.003657 0.999851
14.883539 4.958620 -1.769334 -0.019391 0.008378 0.999777
8.998876 9.006961 -1.874542 -0.006167 -0.047851 0.998835
-0.861909 -0.965877 -1.745809 0.007405 -0.021199 0.999748
14.945941 2.961305 -1.695047 -0.003911 0.039702 0.999204
10.973003 5.005689 -1.751400 -0.094159 -0.122956 0.987935
1.059156 6.963749 -1.927430 0.031448 -0.008841 -0.999466
-1.300078 5.837071 -2.005071 0.013389 0.028781 0.999496
-0.940573 4.904191 -1.940939 0.005619 0.046462 0.998904
-1.092840 3.066833 -1.842829 0.008243 0.048511 0.998789
0.883052 -3.182945 -1.674856 -0.026486 0.083902 0.996122
3.086203 -4.933561 -1.530583 -0.018739 0.051597 0.998492
14.965815 0.995576 -1.630675 -0.000658 0.016606 0.999862
12.835530 4.946477 -1.750564 -0.046796 0.078469 -0.995818
-0.931316 0.979683 -1.743531 -0.015166 0.030574 0.999417
1.122834 4.906886 -1.918627 -0.026748 -0.011915 0.999571
5.119774 -4.837861 -1.503874 -0.010389 0.067637 0.997656
1.202831 -0.944307 -1.731023 -0.001662 -0.024658 0.999695
8.960651 6.889015 -1.872877 -0.008393 0.005567 0.999949
3.178237 -2.952339 -1.658034 -0.015709 0.108106 0.994015
12.898718 -1.020005 -1.648245 -0.022948 -0.001234 0.999736
12.864390 2.921459 -1.717637 -0.017010 0.045344 0.998827
1.251467 3.108384 -1.855615 0.003178 0.059926 0.998198
3.099433 4.889378 -1.866385 -0.023423 -0.059609 0.997947
0.947914 0.870063 -1.733255 0.001224 0.036401 0.999337
12.901442 0.986725 -1.646831 -0.014189 0.016051 0.999770
11.637897 -1.427417 -1.672068 0.068005 0.005117 0.997672
2.382409 -1.043876 -1.735627 -0.009926 -0.024361 0.999654
9.023351 4.960381 -1.861429 -0.020969 0.002062 0.999778
11.124906 3.126603 -1.758202 -0.025829 0.046916 0.998565
2.846519 2.964066 -1.850438 -0.001728 0.057066 0.998369
2.321451 1.767054 -1.783565 -0.015973 0.044083 0.998900
11.593968 1.778549 -1.677895 0.147088 0.326282 0.933759
6.194542 1.378616 -0.531625 -0.201972 0.178215 0.963040
6.976524 -1.119428 -0.530203 -0.712071 0.576072 -0.401368
9.801234 3.850613 -1.836692 -0.079496 -0.038453 0.996093
4.514228 3.864887 -1.909730 0.058023 0.009084 0.998274
