# Binary Descriptors
# location_x location_y location_z summary occupy_array_length
-54.410875 -30.320557 0.314811 10 50 00000000000010000100010001100100001001000010001000
-37.622904 -18.898670 -0.351088 11 50 00000000010000010010010010000010010010010010010000
-6.984567 -17.233382 -1.012820 15 50 00000000000000001101110110111111101000000000000000
-39.779371 -13.763604 -0.456097 13 50 00000000000001001001001101100101001100000001001000
-7.931556 -13.377162 -1.105145 17 50 00000000000000111111101111001110111000000000000000
23.621462 -13.316062 -1.738899 17 50 00000000000000111111111111011110100000000000000000
-29.523409 -9.356340 -0.788716 11 50 00000000001011010100101010010101000000000000000000
-5.629493 -9.261486 -1.270036 18 50 00000000001111111111100110111010100000000000000000
-0.331608 -9.726831 -1.362720 17 50 00000000000000001111111111111111100000000000000000
-1.987053 -7.248692 -1.401083 11 50 00000000001111111111100000000000000000000000000000
7.387497 -8.927542 -1.540398 20 50 00000000000111111111111111111110000000000000000000
17.438918 -8.512967 -1.753687 15 50 00000000000000000111111111111111000000000000000000
-25.933025 -6.387862 -0.946302 12 50 00000000000000010101010101010011001100100000000000
33.032519 -4.671014 -2.176901 13 50 00000000000101100011100011001010110100000000000000
40.051667 -4.118243 -2.333444 12 50 00000000000101000010010101100110011010000000000000
4.542441 -3.388767 -1.643266 21 50 00000000001111111111111111111110000000000000000000
13.039608 -3.880510 -1.799268 18 50 00000000000011111111111111011110000000000000000000
15.545612 -2.927880 -1.876955 19 50 00000000000001111111111111111111000000000000000000
23.583818 -2.700426 -2.044521 22 50 00000000000011111111111111111111110000000000000000
42.934953 -3.861161 -2.398614 13 50 00000000000100101010101001100101010101000000000000
49.504591 -3.482082 -2.541141 11 50 00000000000100101000010010100101001010010000000000
53.585499 -3.178154 -2.631651 11 50 00000000001000010010010010100101000101001000000000
36.981493 -1.419052 -2.349851 14 50 00000000000001010110101010110101011010000000000000
-15.848913 1.638131 -1.379918 19 50 00000000000011011110110111111011000100110000000000
36.475698 3.079656 -2.469556 10 50 00000000010101111010100101000000000000000000000000
-11.873163 5.506677 -1.571200 18 50 00000000000111110110100100100101111101100000000000
4.092173 5.546335 -1.892122 24 50 00000000001111111111111111111111110000000000000000
6.505969 5.607857 -1.942244 15 50 00000000011111111111111100000000000000000000000000
3.624890 8.009205 -1.953843 13 50 00000000001111111111111000000000000000000000000000
28.958894 7.618805 -2.450002 13 50 00000000011111111011101100000000000000000000000000
-24.521715 9.216244 -1.424917 15 50 00000000000000101011110010110010101100100000010000
11.551057 8.856437 -2.137051 19 50 00000000000000110011111111111111111000000000000000
18.006697 9.171900 -2.275459 23 50 00000000000001111111111111111111111100000000000000
-0.953209 12.064641 -1.979189 15 50 00000000000000000000011111111111111100000000000000
3.016119 11.367594 -2.038575 25 50 00000000000110111111111111111111111110000000000000
6.552997 11.739415 -2.120148 25 50 00000000000011111111111111111111111110000000000000
0.153026 14.305397 -2.066016 19 50 00000000000000000000011111111111111111110000000000
5.863180 14.023079 -2.172239 20 50 00000000000001111111100111111001111001100000000000
23.498442 14.645953 -2.543441 21 50 00000000001101111001101110101011011111010000000000
50.448894 14.723701 -3.085489 10 50 00000000000000000001100101101011001010000000000000
-22.418075 17.101485 -1.694626 10 50 00000000000101010101010101010100000000000000000000
54.997298 16.093060 -3.216111 10 50 00000000000000000010001001001000001001001101001000
-24.999596 32.634317 -2.091209 11 50 00000000000000100100101001001010001011010000000000
