# Planes
# center_x center_y center_z normal_x normal_y normal_z
41.077561 14.104534 1.185202 0.050420 -0.995066 -0.085450
38.754724 13.900701 0.867619 0.041273 -0.998275 0.041764
36.945149 13.770567 0.868097 -0.066934 0.996119 -0.057163
35.101234 13.760299 0.783290 -0.031181 -0.998071 -0.053680
32.886159 13.542451 0.797474 -0.189233 0.981928 -0.002846
30.901705 13.410794 0.736127 0.042590 0.998178 -0.042739
28.722647 13.199119 0.702797 0.147736 -0.988532 0.031294
27.097209 13.120657 0.638189 0.031244 0.999442 -0.011802
17.710890 9.425878 0.453267 0.840348 0.480673 0.250537
23.611101 13.461034 0.628235 0.980061 0.193196 -0.046427
17.068208 11.793536 0.732392 0.163887 0.683176 0.711626
23.400067 16.346654 0.887076 0.994708 0.063167 0.081025
11.409109 8.953625 0.392212 0.883764 0.446184 0.141002
15.516360 14.274735 0.494292 -0.720620 0.692671 0.030237
12.474744 12.128651 0.438478 -0.120626 -0.992342 0.026584
10.996799 12.112828 0.421442 -0.051463 0.997819 -0.041332
9.512309 12.047106 0.416130 0.023549 -0.999721 -0.001756
8.683414 11.942388 0.386790 -0.032982 0.997731 -0.058698
3.969131 5.546942 0.243825 0.855839 -0.515644 0.040640
7.050902 11.810965 0.337401 -0.054136 0.998238 -0.024296
6.217663 12.249482 0.346571 0.789334 0.612617 -0.040662
6.340982 14.550290 0.314890 0.675029 -0.737787 0.002327
5.832812 14.122741 0.342866 -0.632319 0.772970 -0.051869
4.306141 11.629393 0.325635 0.098216 -0.991776 0.082061
2.027850 12.037252 0.380242 -0.818960 -0.569450 -0.070927
0.239087 14.187670 0.620610 0.725098 0.678041 -0.120391
-0.632340 15.167857 0.634402 0.752142 0.658928 -0.009837
-1.725288 16.408716 0.488012 0.756062 0.653600 -0.034323
-2.361924 17.140162 0.387693 0.753499 0.657093 -0.021664
-8.381205 16.403328 0.636782 0.390617 -0.903422 -0.176769
-29.881740 24.409574 0.976696 0.997601 0.025166 -0.064486
-18.636901 11.057734 0.860465 0.159633 0.208819 0.964838
-25.861748 15.514167 0.406655 0.977035 -0.126061 -0.171788
-23.313152 12.315431 1.013287 -0.200279 0.245343 -0.948523
-11.891963 5.544218 0.436045 -0.569450 0.811934 -0.128411
-12.145990 5.451729 0.468961 -0.255999 0.962208 0.092845
-19.794810 6.489209 0.753826 -0.883365 0.400546 -0.243371
-24.410613 6.341933 0.914070 -0.131006 0.805957 -0.577297
-15.870914 1.803749 0.399285 -0.240651 0.970254 -0.026333
-50.896949 -22.997068 2.097570 0.030457 0.013672 0.999443
-59.012113 -31.237060 2.287159 0.325407 0.658531 0.678563
-7.139972 -10.471132 0.649434 0.021758 0.026551 0.999411
-9.407839 -14.301634 0.739877 -0.063692 0.198680 0.977993
-5.821294 -9.067961 0.284880 0.819417 0.573151 -0.007273
-6.630191 -17.580963 0.456976 0.755481 0.655043 0.012897
-6.177092 -18.521164 0.515582 0.879690 0.306694 0.363436
-4.283604 -20.313204 0.488269 0.762657 0.646652 0.014011
-3.424393 -21.309145 0.493678 0.759481 0.650398 0.013090
-2.419046 -22.481736 0.507816 0.754573 0.656199 0.004799
-0.226660 -9.644573 0.278923 -0.074465 0.997188 0.008484
1.431991 -10.040996 0.273556 0.029037 0.998013 -0.055922
4.985047 -9.324170 0.316630 -0.053650 0.975640 0.212716
6.918481 -9.125941 0.327276 -0.119379 0.992272 0.033840
9.083581 -9.048228 0.342768 -0.276541 0.960932 0.011641
11.019347 -8.911114 0.339953 -0.022233 0.996724 0.077757
4.392661 -3.402947 0.221655 0.566395 0.823901 -0.019605
23.255853 -6.953861 0.521177 0.997680 0.067991 -0.003325
12.975921 -4.088806 0.339619 0.104898 0.994363 0.015428
33.460560 -4.551943 0.762044 0.067426 -0.994193 -0.083875
34.826437 -4.387379 0.643141 -0.079268 0.995702 -0.047901
36.824102 -4.288529 0.798510 0.127892 -0.986360 -0.103623
42.649730 -3.846945 0.892081 -0.203033 0.978929 -0.021825
45.477980 -3.744260 0.951396 0.088572 -0.995969 -0.014198
46.765102 -3.594526 0.948094 -0.100448 0.994866 -0.012356
49.218201 -3.508033 1.011314 0.129342 -0.991594 -0.003572
53.126628 -3.182525 1.034403 -0.220401 0.975334 -0.012094
-26.917577 18.574434 0.889672 0.757741 0.642518 -0.114016
-25.861426 -6.339359 0.682891 0.792881 0.609300 0.009646
-49.468016 -20.885949 1.233014 0.957514 0.288328 0.005849
-11.566376 -14.854515 0.679892 -0.093394 0.239514 0.966390
27.598092 -4.772430 0.483544 0.029519 -0.999390 0.018684
28.830326 -4.702370 0.373977 -0.020290 0.996173 0.085014
60.308477 -3.074237 1.179450 0.949734 -0.311410 -0.032082
62.885931 15.605263 0.772271 0.072724 0.996562 -0.039690
-51.770018 -26.756222 1.227778 0.941709 -0.302079 -0.148096
-52.506833 -28.837828 1.358634 0.928536 -0.365747 0.063642
31.598373 10.219298 0.374011 0.753448 -0.203294 -0.625290
15.403117 11.646290 0.353241 -0.568615 0.525568 -0.632815
-29.742947 41.497862 0.548242 -0.458051 0.859966 0.225052
-0.481754 11.884771 0.142291 -0.006654 -0.866337 0.499416
-14.257282 26.395635 0.274604 -0.618245 0.299965 0.726494
0.517837 11.944497 0.144137 0.011445 -0.997096 -0.075286
-37.176186 21.169578 0.193291 -0.112023 0.107377 0.987887
40.077778 -0.691165 0.314280 -0.784087 0.003499 -0.620641
31.349132 10.300452 -0.149544 0.877694 -0.408763 0.250131
38.580952 13.870147 -0.338369 0.010746 -0.996406 0.084019
36.647647 13.729853 -0.525585 -0.128867 0.991290 -0.027136
34.997299 13.612308 -0.549379 -0.063314 0.994003 -0.089165
32.924007 13.453430 -0.651096 0.069723 -0.994084 0.083276
30.891786 13.292496 -0.791996 0.070243 -0.995435 0.064615
28.905891 13.116881 -0.912290 0.084629 -0.985862 0.144616
27.006395 13.026424 -0.860714 -0.064956 0.997098 -0.039697
-14.239030 26.522573 -0.203753 -0.115178 -0.991863 0.054240
-13.564100 24.975113 -0.646034 0.188448 -0.899818 -0.393465
-30.491678 30.150552 -0.367565 -0.548370 0.835841 -0.025709
-31.006634 16.545602 -0.665832 -0.622399 0.782566 0.014486
-25.283691 10.370944 -1.309977 -0.870656 -0.311620 -0.380593
-41.090236 -1.021820 -1.578174 -0.560232 -0.568377 -0.602568
-41.448511 -2.635126 -0.266176 0.818402 0.264905 0.509944
-38.898443 -2.819438 -1.558070 -0.536944 -0.476156 -0.696395
-40.124677 -5.490252 -0.451249 0.987317 0.158454 -0.009908
-44.145721 -7.642313 -1.106751 0.988948 -0.075467 0.127615
-55.008390 -21.690562 -0.833821 0.990691 -0.133326 -0.027471
-49.319182 -21.256059 -1.270702 -0.792827 -0.571014 0.213001
-49.737249 -28.898948 -0.754516 0.862147 0.503605 -0.055532
-38.847837 -38.774219 -0.897779 -0.394228 0.914109 0.094812
-37.245521 -38.618776 -0.801551 0.330566 0.943468 0.024386
29.051635 -4.728367 -0.662509 -0.080681 0.993103 -0.085074
33.121060 -4.475939 -0.740603 -0.135396 0.985417 0.103063
34.857977 -4.373835 -0.610731 -0.053503 0.998025 0.032904
36.695527 -4.290795 -0.626206 -0.113060 0.991940 -0.057210
42.728761 -3.835859 -0.640999 -0.112283 0.993067 0.034804
53.022753 -3.133816 -0.706734 -0.123511 0.992203 0.016659
15.572159 14.184490 -1.396509 0.985790 -0.020440 0.166737
12.631859 12.133443 -0.643955 -0.003664 0.998938 0.045920
11.035864 12.074809 -0.466356 -0.061586 0.997934 -0.018324
9.490598 12.028019 -0.392727 0.027453 0.999598 -0.007023
8.877110 11.927617 -0.489292 -0.055876 0.998209 -0.021351
6.954167 11.808972 -0.746528 0.035148 -0.997819 0.055881
5.880936 14.134394 -0.567661 0.676383 -0.736026 0.027792
-1.883442 16.577763 -0.195804 0.800378 0.599274 -0.016331
-38.460767 -10.434354 -1.472009 0.628748 0.703653 -0.330980
-6.558548 -17.682119 -0.376555 0.777443 0.628876 -0.009869
-6.148301 -18.181974 -0.415101 0.775144 0.631563 0.016705
-5.337562 -19.116105 -0.363725 0.757018 0.651149 -0.054123
-4.288416 -20.333149 -0.345783 0.747713 0.653068 -0.120112
-3.451985 -21.299594 -0.342156 0.753330 0.647369 -0.115790
-2.520735 -22.332786 -0.167092 0.734165 0.618409 -0.280308
-1.595102 -22.490857 -0.272645 0.646325 -0.372372 -0.666035
13.018844 -8.790437 -0.272330 -0.076944 0.994749 -0.067488
14.950784 -8.650651 -0.310670 -0.066350 0.983986 -0.165437
16.799853 -8.521142 -0.339688 -0.101077 0.993779 0.046766
23.024615 20.689555 -1.075384 0.943813 0.083775 -0.319685
10.211585 11.983348 -0.658468 -0.017780 0.999764 -0.012464
6.257081 12.334951 -0.873938 0.960976 -0.244913 0.128622
2.032632 12.038856 -0.406187 0.924738 0.380554 0.006225
-11.672792 5.456105 -1.683285 0.758071 -0.617289 0.210436
-47.392688 -9.301219 -1.159829 0.812973 0.547792 -0.197482
-15.662185 -18.281689 -0.966677 0.504328 -0.836081 -0.215922
-5.396771 -13.499658 -0.767423 -0.572540 -0.457778 -0.680175
3.003612 -9.477928 -0.420080 -0.071128 0.996661 0.040085
4.945816 -9.347095 -0.356165 -0.064555 0.997847 -0.011559
55.234501 9.036746 -1.422813 0.363639 0.147455 -0.919795
32.685236 6.642059 -1.479348 0.022246 -0.512125 0.858623
8.444001 17.497137 -0.602769 0.454246 0.276643 -0.846835
-25.856732 28.087104 -1.323772 0.818538 -0.570198 0.069783
-26.708815 27.066110 -1.231222 -0.764750 0.641751 -0.057567
-22.459979 18.655836 -1.200937 0.689075 0.701810 0.180660
-22.709475 16.984218 -0.971726 -0.604915 0.763954 -0.224618
-20.821284 8.527319 -1.863116 0.758825 0.160296 0.631260
-17.882825 -20.564145 -0.995415 -0.462914 0.882959 -0.078059
0.963512 -9.610520 -0.451240 -0.063624 0.996336 0.057150
42.744063 7.248699 -1.564807 -0.130750 -0.138318 0.981719
-51.451893 -19.345669 -1.579284 -0.030522 -0.011195 0.999471
-48.492753 -22.760283 -1.531182 -0.026856 -0.011843 0.999569
-47.366462 -27.073171 -1.560417 -0.026827 -0.014577 0.999534
17.231359 -7.060655 -0.430878 -0.348830 -0.102296 0.931586
16.768609 -5.638254 -0.474360 -0.018981 0.641481 0.766904
45.308950 1.234611 -1.543761 0.038345 0.001371 0.999264
47.721423 6.944686 -1.657439 0.037762 0.006020 0.999269
-54.775834 -11.178812 -1.983268 -0.026341 0.001236 0.999652
-44.671938 -19.520724 -1.697669 -0.040551 -0.021045 0.998956
-43.245626 -20.729355 -1.665893 -0.034019 -0.014608 0.999314
-39.027775 -23.164755 -1.562981 -0.035391 -0.021543 0.999141
-37.008546 -24.297464 -1.518281 -0.031816 -0.015865 0.999368
-35.038383 -24.958874 -1.468386 -0.034251 -0.027432 0.999037
-32.630484 -26.889121 -1.437942 -0.031168 -0.024574 0.999212
-1.188614 -18.752441 -1.073982 0.999612 -0.024392 -0.013423
15.073074 -5.733633 -0.466243 -0.023661 0.365085 0.930674
39.152733 -3.239521 -1.309316 0.044693 -0.012159 0.998927
35.324901 -2.713688 -1.337725 0.057601 -0.082643 0.994913
35.175219 -1.211964 -1.418193 -0.149646 0.153276 0.976787
39.402098 1.281303 -1.550407 0.044022 0.001534 0.999029
41.052239 5.244513 -1.639290 0.041084 0.008669 0.999118
41.671351 7.080774 -1.679203 0.045223 0.007472 0.998949
-7.643827 20.092227 -1.219789 -0.267172 0.956490 0.117243
-24.611131 23.256578 -1.609009 -0.503480 0.534241 -0.679039
-46.530482 -0.999104 -1.901191 -0.045649 -0.001072 0.998957
-45.240511 -4.764420 -1.851789 -0.044885 -0.004594 0.998982
-35.679578 -13.374467 -1.513197 -0.041877 -0.014770 0.999014
-35.395530 -14.670327 -1.521697 -0.042238 -0.016398 0.998973
-35.714806 -17.188905 -1.579291 -0.044294 -0.020079 0.998817
-35.066329 -21.255837 -1.637810 -0.038647 -0.022288 0.999004
-32.932943 -21.651825 -1.565425 -0.038969 -0.029695 0.998799
-30.584759 -22.791468 -1.506890 -0.037293 -0.026788 0.998945
-29.741373 -24.966730 -1.535862 -0.035782 -0.028418 0.998955
-28.885311 -26.692161 -1.556588 -0.032655 -0.029164 0.999041
-27.047271 -23.142091 -1.585271 -0.090656 -0.027717 0.995497
-3.201809 -12.804624 -0.773488 -0.165148 -0.827647 -0.536402
-3.515220 -15.808368 -0.817490 0.874220 0.468756 0.126522
-1.611447 -15.960609 -0.855276 -0.011346 -0.998888 0.045752
12.696837 -6.118935 -0.561654 0.231630 -0.930286 -0.284457
34.889219 0.985344 -1.549528 0.054657 0.003138 0.998500
36.421344 5.364353 -1.647262 0.052522 0.005871 0.998603
36.983465 6.774188 -1.687114 0.048234 0.009062 0.998795
-41.198297 17.154694 -2.359863 -0.029861 0.477053 0.878367
-45.598246 3.030378 -2.054643 -0.049070 0.003463 0.998789
-42.857261 0.984972 -1.914193 -0.049180 0.001445 0.998789
-36.837553 -4.693421 -1.690737 -0.050756 -0.006391 0.998691
-35.765849 -7.346249 -1.657184 0.049430 0.010137 -0.998726
-30.885624 -11.209831 -1.589750 0.111487 -0.053524 0.992323
-32.759829 -13.095868 -1.590246 -0.046889 -0.018440 0.998730
-32.615299 -14.790187 -1.615894 -0.046460 -0.020113 0.998718
-33.388545 -17.128331 -1.701134 -0.043396 -0.022077 0.998814
-32.759445 -18.596055 -1.706882 -0.044094 -0.023979 0.998740
-31.003556 -19.065963 -1.641752 -0.043211 -0.025305 0.998745
-28.899303 -19.521359 -1.563460 -0.042955 -0.029935 0.998628
-27.545294 -21.044818 -1.551293 -0.042782 -0.030842 0.998608
-23.000748 -23.562527 -1.459323 -0.035342 -0.038849 0.998620
24.536938 -1.042219 -1.451873 -0.093446 -0.296464 -0.950462
31.423059 0.988870 -1.575362 0.060343 0.003711 0.998171
32.544896 5.048667 -1.661908 0.051532 0.011490 0.998605
23.909640 9.676055 -1.427668 0.988589 0.149549 0.018064
-26.531061 32.359010 -2.266003 -0.177039 0.058245 0.982479
-39.651751 17.287418 -2.273140 -0.362827 0.077793 0.928604
-34.930998 0.877440 -1.815756 -0.014190 0.102335 0.994649
-30.461924 -3.249471 -1.558564 -0.056837 -0.005250 0.998370
-28.892472 -5.314460 -1.485369 -0.056193 -0.009114 0.998378
-30.224466 -12.752785 -1.674941 -0.052978 -0.021203 0.998371
-29.064826 -13.122921 -1.764619 0.090548 -0.001536 0.995891
-30.744850 -15.111375 -1.756023 -0.048895 -0.023035 0.998538
-28.984856 -16.727156 -1.708877 -0.049616 -0.029694 0.998327
-26.962772 -17.106575 -1.620479 -0.049005 -0.031271 0.998309
-25.036218 -18.951861 -1.587933 -0.052304 -0.035117 0.998014
-24.711492 -20.641175 -1.631525 -0.044441 -0.035949 0.998365
-23.020708 -21.070846 -1.574105 -0.041876 -0.034702 0.998520
-20.970284 -21.404367 -1.502186 -0.040466 -0.040510 0.998359
22.914169 -1.366864 -1.486761 -0.141491 0.083686 0.986396
31.341330 -1.124157 -1.569805 0.056714 -0.001348 0.998390
28.503374 0.964638 -1.562444 0.064764 0.002974 0.997896
28.913937 3.247884 -1.599265 0.072511 0.002950 0.997363
29.569244 4.787913 -1.652951 0.066652 0.007097 0.997751
24.770386 11.049384 -1.723268 -0.013725 0.090291 0.995821
-24.813460 28.866419 -2.461004 0.203456 -0.078762 0.975911
-36.889168 6.753004 -2.081991 -0.060695 0.011025 0.998095
-35.065941 2.639393 -1.937763 -0.061276 0.004576 0.998110
-33.136606 0.772066 -1.813598 -0.060429 0.003065 0.998168
-30.398216 1.355093 -1.818172 0.060200 0.090104 0.994111
-29.695539 -0.946919 -1.667725 -0.062031 -0.001438 0.998073
-27.733660 -3.508121 -1.556118 -0.062415 -0.007509 0.998022
-27.053318 -10.973465 -1.747105 0.100023 -0.001266 0.994984
-28.244583 -14.546665 -1.784662 -0.053806 -0.026486 0.998200
-26.810248 -14.970193 -1.717502 0.054848 0.030815 -0.998019
-24.963032 -15.378987 -1.630327 -0.054332 -0.034682 0.997920
-23.287163 -16.933133 -1.595348 -0.054917 -0.036980 0.997806
-22.752896 -18.944994 -1.643787 -0.047993 -0.038499 0.998105
-20.991959 -19.551743 -1.584943 -0.045625 -0.035101 0.998342
-18.997646 -19.787848 -1.505399 -0.042902 -0.034041 0.998499
-5.758368 -10.244712 -1.075731 0.842064 -0.539267 0.010906
13.385705 -2.334491 -1.480338 -0.079766 0.579764 0.810871
28.790859 -0.734834 -1.578549 0.061224 -0.001185 0.998123
26.266625 3.291866 -1.621453 0.054855 0.013515 0.998403
26.845371 4.970333 -1.679667 0.055941 0.017161 0.998287
18.339687 6.763569 -1.333524 -0.040715 -0.067520 0.996887
18.960304 11.173808 -1.615872 0.181665 0.116965 0.976379
-12.219098 21.686578 -1.691203 0.793504 0.545780 -0.269213
-22.752107 30.936549 -2.667259 0.229030 -0.098158 0.968458
-25.025529 27.209441 -2.623030 0.172354 -0.083570 0.981484
-23.164909 24.732963 -2.585204 -0.591983 0.044870 -0.804700
-33.287612 14.823666 -2.272636 -0.061629 0.028057 0.997705
-30.550774 12.811940 -2.195569 0.064963 -0.061907 0.995966
-32.470459 5.321171 -2.026539 -0.065718 0.011044 0.997777
-31.079426 2.544877 -1.908132 -0.068261 0.005080 0.997655
-26.371841 -0.725854 -1.646690 -0.069360 -0.001600 0.997590
-24.828722 -0.833070 -1.625575 -0.025655 0.063495 0.997652
-22.921355 -0.814803 -1.627560 0.026512 0.071591 0.997082
-25.295086 -9.032693 -1.749875 0.065107 -0.092661 0.993567
-25.278813 -12.807367 -1.771281 -0.061519 -0.029237 0.997678
-22.846007 -13.049617 -1.678595 -0.024622 0.046960 0.998593
-21.157171 -14.837349 -1.616230 0.014648 -0.003759 0.999886
-20.786537 -16.947813 -1.659655 -0.053177 -0.042264 0.997690
-18.994802 -17.091491 -1.631867 -0.035107 0.050645 0.998099
-17.154607 -17.183384 -1.565458 -0.030308 0.056400 0.997948
26.207468 -0.504867 -1.601232 0.070412 0.000032 0.997518
25.146123 5.022177 -1.692039 0.073194 0.014549 0.997212
-23.440177 29.131630 -2.704225 0.288108 -0.166141 0.943075
-24.777534 -10.999075 -1.823203 -0.068519 -0.029183 0.997223
-22.994844 -10.882189 -1.815002 -0.034514 0.063074 0.997412
-20.962596 -13.157680 -1.644148 -0.066746 -0.042788 0.996852
-19.023504 -14.948896 -1.673361 0.036286 -0.021503 0.999110
22.270253 0.967344 -1.588759 0.092458 0.004783 0.995705
22.551885 2.967104 -1.626777 0.090220 0.008244 0.995888
23.066794 5.007821 -1.696838 0.075457 0.018096 0.996985
23.010122 6.668093 -1.726285 0.081947 0.022414 0.996385
17.247018 7.030515 -1.616878 -0.232369 -0.026812 0.972258
-10.329894 19.645191 -1.779111 0.719802 0.646233 -0.253511
-25.454853 24.971403 -2.635780 -0.056787 0.056421 0.996791
-20.679068 19.031451 -2.514268 0.179871 0.000952 0.983690
-21.386060 17.146451 -2.337966 0.438798 -0.074284 0.895510
-24.927403 1.272623 -1.765136 -0.078377 0.005122 0.996911
-22.729774 0.888149 -1.690448 -0.008262 0.048252 0.998801
-22.778572 -7.082262 -1.807664 0.080448 -0.078326 0.993677
-23.151905 -8.852335 -1.857578 0.000151 0.010309 0.999947
-20.910403 -11.097020 -1.723721 -0.077335 -0.049629 0.995769
-19.020627 -10.845111 -1.671102 -0.034467 0.034896 0.998796
-18.806346 -12.954491 -1.652963 -0.083815 -0.052155 0.995116
-16.757403 -14.958209 -1.668685 -0.046247 0.049592 0.997698
-15.081389 -15.104738 -1.597767 -0.036340 0.040758 0.998508
21.077275 -2.744124 -1.568629 0.006998 0.030558 0.999508
20.775374 0.952866 -1.588344 0.103748 0.005080 0.994591
21.032106 2.997534 -1.628638 0.060930 0.017990 0.997980
20.779330 4.975014 -1.702274 -0.014359 0.028226 0.999498
18.759517 5.255510 -1.644366 0.078622 -0.095758 0.992295
17.004940 11.041514 -1.733902 -0.024196 0.052110 0.998348
-18.824472 29.003467 -2.754657 -0.042862 0.070418 0.996596
-18.927275 26.976867 -2.720696 0.031242 0.017592 0.999357
-20.901412 26.834076 -2.703221 -0.057232 0.077155 0.995375
-24.396154 21.295808 -2.556553 -0.060087 0.056006 0.996621
-21.154324 15.220846 -2.244574 -0.372329 -0.091929 0.923537
-25.191417 7.142098 -2.014134 -0.077321 0.022892 0.996743
-20.970236 1.080569 -1.712865 0.017276 0.035945 0.999204
-20.854526 -5.092897 -1.789325 0.066757 -0.056062 0.996193
-21.116329 -6.911025 -1.864130 0.057634 0.002193 0.998335
-21.036085 -9.097289 -1.844733 -0.035465 0.057819 0.997697
-19.003845 -9.151219 -1.753976 -0.037967 0.057769 0.997608
-17.012559 -11.120191 -1.653079 -0.020841 0.004795 -0.999771
-16.782023 -12.825171 -1.685412 -0.037088 0.025449 -0.998988
20.873165 -1.027290 -1.595381 0.082199 -0.002969 0.996611
18.984134 1.002585 -1.608315 -0.005845 0.006010 0.999965
19.235279 2.986662 -1.652657 -0.009932 0.033336 0.999395
17.097423 5.069632 -1.727202 -0.040834 -0.032892 0.998624
-8.434642 17.502678 -1.729116 0.732586 0.680609 -0.009439
-11.370409 20.639871 -2.275548 -0.281145 -0.298706 0.911994
-12.866022 20.881265 -2.426772 -0.078793 -0.050944 0.995588
-17.292703 27.342454 -2.755791 -0.047260 0.076500 0.995949
-19.170818 24.955451 -2.671687 -0.070567 0.082909 0.994056
-20.872370 23.006671 -2.631601 -0.063608 0.073018 0.995300
-22.663684 8.988359 -2.006555 -0.088128 0.036286 0.995448
-20.792018 3.492577 -1.798059 -0.003490 0.025461 0.999670
-17.040358 -8.955649 -1.693862 0.029841 -0.041603 -0.998689
-14.881141 -13.081892 -1.692256 -0.057170 0.041027 0.997521
-13.000277 -12.917179 -1.615752 -0.042089 0.043796 0.998154
6.932185 -4.864904 -1.512157 -0.007787 0.092229 0.995707
18.908826 -2.212934 -1.585212 0.001459 0.031283 0.999510
19.024793 -1.000296 -1.610825 0.002339 0.008071 0.999965
10.941398 6.954457 -1.561382 0.411365 0.027960 -0.911042
15.621620 10.814126 -1.793891 -0.029453 0.002662 0.999563
-14.777822 23.316643 -2.545754 -0.050788 -0.002912 0.998705
-17.124466 23.019737 -2.639967 0.010846 0.003824 0.999934
-18.933864 20.953734 -2.551719 -0.077372 0.084023 0.993455
-18.653168 18.740034 -2.496151 -0.009645 0.025409 0.999631
-20.582193 9.262811 -2.038113 -0.057591 -0.002589 -0.998337
-19.192396 0.831951 -1.714851 0.000508 0.044177 0.999024
-18.729605 -3.066358 -1.793058 -0.061833 0.059022 -0.996340
-18.899573 -4.763679 -1.887674 0.053796 -0.014946 0.998440
-19.051443 -6.967366 -1.869092 -0.013013 0.036829 0.999237
-14.942033 -8.971151 -1.676819 0.014129 0.009886 0.999851
-14.871165 -10.976618 -1.697866 0.036880 -0.024187 0.999027
15.064544 -1.112445 -1.627906 -0.017933 0.050833 0.998546
16.987498 0.999598 -1.632635 -0.021114 0.011316 0.999713
17.178865 3.031758 -1.686486 -0.020596 0.036207 0.999132
15.567480 9.262466 -1.819002 -0.028803 0.007518 0.999557
-6.548828 15.392591 -1.749660 0.740783 0.669366 -0.056476
-9.407996 18.511244 -2.207106 -0.213331 -0.123168 0.969185
-10.788356 18.893710 -2.346090 -0.084990 -0.060070 0.994569
-14.925495 20.937492 -2.560299 -0.076416 -0.021960 0.996834
-16.835132 20.977408 -2.586566 -0.097932 0.096622 0.990492
-17.040781 18.985187 -2.502427 0.011532 0.033970 0.999356
-19.291879 17.218745 -2.472034 -0.073984 0.068774 0.994885
-18.967913 15.002476 -2.374513 0.039372 0.042816 0.998307
-18.772402 13.274942 -2.293586 0.028036 0.070148 0.997143
-18.798637 9.064036 -2.120294 0.045766 0.063322 0.996943
-18.830376 6.990102 -1.906012 0.015246 0.040862 0.999048
-18.801725 4.911292 -1.837517 -0.003060 0.015672 0.999873
-18.729098 3.262500 -1.791528 0.002644 0.031772 0.999492
-16.957935 -1.036778 -1.785844 0.064421 -0.041581 0.997056
-16.869938 -6.987319 -1.797902 -0.043304 0.070783 0.996551
-12.968877 -10.888177 -1.730903 -0.012514 0.056732 0.998311
16.972706 -0.981372 -1.627672 -0.014400 0.008648 0.999859
-14.961770 19.043710 -2.550314 0.023801 0.057735 0.998048
-17.131989 16.931384 -2.446931 -0.108141 0.104392 0.988639
-16.953589 10.982303 -2.239406 0.050577 0.022895 0.998458
-18.744489 10.756892 -2.203002 0.031648 0.035468 0.998870
-18.343834 7.781467 -2.045791 0.083281 0.059932 0.994722
-16.750138 6.342927 -1.824615 -0.043952 0.073990 0.996290
-17.080194 5.080042 -1.788495 -0.040589 0.031283 0.998686
-16.870987 -2.863816 -1.896307 0.054288 -0.045198 0.997502
-16.917055 -4.980904 -1.902919 -0.012764 0.024433 0.999620
-14.922485 -6.911534 -1.737897 0.027788 -0.047457 -0.998487
-12.931242 -8.937989 -1.723606 0.026363 -0.023166 0.999384
-10.922803 -10.952190 -1.627414 -0.042320 0.047859 0.997957
-9.293559 -10.649009 -1.577263 -0.032755 0.048647 0.998279
15.046132 0.983801 -1.651703 -0.006367 0.014981 0.999868
15.014585 3.052585 -1.718240 -0.016490 0.039551 0.999081
14.829005 5.013379 -1.782751 -0.016693 0.001806 0.999859
15.158882 6.569622 -1.783140 -0.013708 0.011151 0.999844
10.973417 5.266441 -1.695524 -0.160380 -0.130648 0.978371
-8.923568 16.976079 -2.271341 -0.076060 -0.039140 0.996335
-12.875799 18.770377 -2.484987 -0.072682 -0.042844 0.996435
-15.000094 16.826940 -2.435119 0.007901 0.044331 0.998986
-14.990094 14.918605 -2.372242 -0.013861 0.025456 0.999580
-16.735049 14.981761 -2.401776 -0.082659 0.076120 0.993667
-17.007859 13.053229 -2.341399 0.021501 0.034236 0.999182
-12.780361 6.967726 -1.830584 0.047024 0.082648 0.995469
-14.832635 6.908277 -1.805464 -0.031410 0.039989 0.998706
-14.914963 4.922526 -1.723263 0.035101 -0.000721 0.999384
-14.944191 -4.992829 -1.848010 0.036574 -0.068016 -0.997014
-12.976262 -7.012688 -1.709945 0.005347 0.014243 0.999884
12.857024 4.941088 -1.778068 -0.064105 0.080022 -0.994730
-7.545509 16.564351 -2.170901 -0.173020 -0.136031 0.975479
-11.013077 16.879984 -2.398182 -0.064854 -0.031856 0.997386
-13.021011 17.074894 -2.466705 -0.001512 0.037100 0.999310
-14.995400 12.863111 -2.342695 -0.011109 0.003669 0.999932
-17.061246 9.802148 -2.221294 0.014716 0.020324 0.999685
-14.924879 -0.933415 -1.882737 -0.046643 0.065169 -0.996784
-12.984162 14.918490 -2.369848 0.016327 0.039768 0.999076
-14.949454 10.985326 -2.290882 0.008835 0.047738 0.998821
-14.908616 -2.939478 -1.940197 0.001732 0.010839 0.999940
-12.923497 -4.972679 -1.782798 -0.030599 0.047763 0.998390
-10.940636 -9.013202 -1.749364 -0.031391 0.038193 0.998777
13.047613 -1.039301 -1.681020 -0.015534 -0.002826 0.999875
12.982092 0.980900 -1.678654 -0.007057 0.013704 0.999881
12.968996 2.920809 -1.744566 -0.015515 0.042994 0.998955
-6.993699 14.915795 -2.206775 -0.058759 -0.031566 0.997773
-10.861278 14.889575 -2.397105 0.008017 0.052350 0.998597
-12.885593 12.889856 -2.301274 -0.017564 0.027430 0.999469
-12.781914 8.982672 -2.133780 0.208491 0.236924 0.948893
-13.194939 8.356378 -1.947719 0.033642 0.107994 0.993582
-11.004860 -7.040896 -1.739584 0.025840 -0.010571 0.999610
-8.995805 -8.962151 -1.662873 -0.052962 0.061844 0.996680
-5.575381 14.434227 -2.111218 -0.155290 -0.141986 0.977612
-8.863769 14.844580 -2.310377 -0.056813 -0.021807 0.998147
-11.092536 13.023774 -2.301874 0.010565 0.040917 0.999107
-13.010290 11.047837 -2.275267 -0.027330 0.006851 0.999603
-13.081720 3.139207 -1.886076 0.087662 -0.007653 0.996121
-13.087104 -3.169548 -1.884824 0.044100 -0.053893 -0.997572
-11.111126 -5.079326 -1.737674 -0.019088 0.020188 0.999614
-13.054761 -0.978614 -1.940841 -0.009986 -0.008674 0.999913
-5.012176 12.844563 -2.116096 -0.057518 -0.046496 0.997261
-8.991610 13.008744 -2.317083 -0.005432 0.042534 0.999080
-10.967693 10.973477 -2.218935 -0.026444 0.040706 0.998821
-11.553819 6.540474 -1.913146 0.192164 0.118726 0.974155
-12.861818 1.056972 -1.932723 0.062796 -0.031980 0.997514
-8.826969 -6.834632 -1.761727 -0.002017 0.004112 0.999990
10.650832 0.983819 -1.680204 -0.007739 0.023167 0.999702
10.750554 2.986360 -1.762423 -0.018069 0.048860 0.998642
9.075334 6.716475 -1.874535 -0.008161 0.005040 0.999954
-3.723508 12.511399 -2.043493 -0.176009 -0.151192 0.972708
-6.985935 12.642697 -2.224222 -0.068654 -0.025734 0.997309
-8.902762 10.994464 -2.215482 0.018725 0.050938 0.998526
-10.954975 8.960535 -2.163877 -0.028668 0.013037 0.999504
-10.902972 7.027378 -2.114881 0.014434 0.024976 0.999584
-10.836902 -2.926005 -1.798915 -0.034731 0.047343 0.998275
-8.875352 -4.978819 -1.739760 0.016216 -0.011741 0.999800
-6.953206 -6.958655 -1.688334 -0.051357 0.075181 0.995847
10.728559 -1.005607 -1.687408 -0.005428 -0.018184 0.999820
-8.945811 8.939533 -2.129465 -0.002813 0.031307 0.999506
-10.928226 -0.916949 -1.910175 -0.028065 0.062461 0.997653
-8.919803 -2.958136 -1.748050 -0.013958 0.029861 0.999457
-4.930014 -6.900748 -1.599682 -0.042468 0.063879 0.997054
8.921397 4.943470 -1.860910 -0.015091 0.005912 0.999869
-3.201582 10.910181 -2.045651 -0.062677 -0.017069 0.997888
-4.937609 11.072802 -2.144780 -0.046345 -0.004999 0.998913
-6.956923 10.928727 -2.232979 -0.018544 0.020501 0.999618
-11.007006 4.979464 -2.070173 0.021869 0.017430 0.999609
-10.838665 3.035925 -2.038882 0.029204 0.005290 0.999559
-11.742927 2.641117 -1.980205 0.066934 0.021870 0.997518
8.824388 0.988034 -1.696769 -0.009677 0.035415 0.999326
8.863781 2.948840 -1.788970 -0.015150 0.052473 0.998507
-6.889489 8.908891 -2.140198 0.015295 0.055772 0.998326
-8.945565 6.912498 -2.073364 -0.023589 0.022896 0.999460
-11.023725 0.713086 -1.978010 -0.018262 0.014134 0.999733
-11.059969 1.394509 -2.020232 0.017431 0.029073 0.999425
-8.784962 -1.002198 -1.825744 -0.034531 0.048763 0.998213
8.888384 -0.987865 -1.702632 -0.009287 -0.026045 0.999618
-6.913290 -4.971254 -1.801614 0.026337 -0.002455 0.999650
4.884023 -4.940822 -1.516429 -0.010032 0.056760 0.998337
0.965791 8.926253 -1.916533 -0.029995 -0.009895 0.999501
-0.964128 8.969472 -1.966034 -0.027109 0.000842 0.999632
-4.960899 8.969748 -2.156722 -0.018225 0.017669 0.999678
-6.957136 6.942561 -2.053406 -0.007238 0.034681 0.999372
-9.005247 5.016462 -2.032108 -0.019862 0.020276 0.999597
-8.941960 0.923740 -1.903771 -0.051670 0.047349 0.997541
-7.169287 -3.136925 -1.768687 0.007946 -0.012643 0.999889
-3.036148 8.951499 -2.058291 -0.066268 -0.005408 0.997787
-9.519360 3.167459 -2.015643 -0.045475 0.012683 0.998885
-4.879265 -4.882196 -1.727109 -0.072565 0.074995 0.994540
6.880762 2.948754 -1.810313 -0.008775 0.060192 0.998148
-2.093946 8.798147 -1.995834 -0.031560 0.000443 0.999502
-7.366910 5.630130 -2.012117 -0.016510 0.035675 0.999227
-6.910967 -0.971242 -1.776257 -0.026478 0.030516 0.999183
6.816225 0.959465 -1.704444 0.000584 0.041537 0.999137
-4.927931 6.918155 -2.061047 0.012377 0.057054 0.998294
-6.799701 4.764758 -1.965222 -0.021472 0.036521 0.999102
-8.219596 4.397492 -1.990013 -0.011782 0.014247 0.999829
-8.677258 3.003528 -1.970011 -0.032033 0.028585 0.999078
3.129951 -4.969583 -1.534474 -0.015168 0.064176 0.997823
6.827805 -0.970042 -1.702037 0.004532 -0.027862 0.999602
-2.893424 -4.851523 -1.625219 -0.030202 0.060766 0.997695
0.986556 6.873976 -1.916679 -0.031249 0.000308 0.999512
-6.709086 3.242690 -1.893663 -0.031989 0.040715 0.998659
-0.894406 6.930337 -1.967758 -0.027143 -0.002368 0.999629
-2.953519 6.956579 -2.057121 0.027283 -0.025918 -0.999292
-4.909594 4.835666 -1.936359 -0.008580 0.056217 0.998382
-6.941058 0.887395 -1.830504 -0.028046 0.026656 0.999251
-4.762354 -3.030185 -1.781618 0.010989 -0.024881 0.999630
-0.948676 -4.829880 -1.589667 -0.007671 0.057976 0.998288
0.691092 -4.973094 -1.566543 -0.012924 0.062081 0.997987
-1.830145 6.546767 -2.013795 -0.024041 -0.015840 0.999585
-5.000179 5.906494 -2.004929 -0.005482 0.044736 0.998984
4.874359 2.921674 -1.834077 -0.013348 0.060147 0.998100
-5.425755 -0.991959 -1.757358 0.017616 0.019449 0.999656
5.006092 1.088418 -1.732654 -0.010448 0.042169 0.999056
-4.850949 2.922872 -1.855073 0.006628 -0.034560 -0.999381
-5.680949 1.200902 -1.811804 -0.013314 0.029606 0.999473
4.996341 -1.112928 -1.724455 -0.008673 -0.018339 0.999794
-2.747512 5.891014 -2.008205 0.002083 0.063068 0.998007
-2.915366 4.781275 -1.929104 0.004066 0.063931 0.997946
3.127817 -3.161335 -1.645902 -0.017814 0.083609 0.996339
1.033066 4.960276 -1.934682 -0.033327 -0.035528 0.998813
-3.227076 -3.126103 -1.759833 -0.046289 0.027911 0.998538
-1.500963 5.832799 -2.008533 0.003901 0.029678 0.999552
-0.983253 4.924052 -1.951844 0.006769 0.027169 0.999608
3.207571 3.255375 -1.872822 -0.022353 0.045799 0.998701
-3.200370 3.436384 -1.874238 0.020366 0.019727 0.999598
-1.158803 -3.741795 -1.662195 0.006941 0.127612 0.991800
3.826507 1.682434 -1.777489 0.253163 0.126157 0.959163
3.838066 -1.642256 -1.758003 0.327043 -0.153328 0.932488
-1.302151 1.212816 -0.596712 -0.134182 0.238632 0.961795
-0.574778 -1.257952 -0.567138 -0.536621 0.571374 -0.620942
1.006298 -3.747284 -1.650900 -0.033115 0.133115 0.990547
1.892555 3.933974 -1.939681 -0.176152 -0.189853 0.965881
